0   -21.0
1   -20.0
2   -20.0
3   -20.0
4   -21.0
5   -20.0
6   -21.0
7   -20.0
8   -21.0
9   -21.0
10   -20.0
11   -21.0
12   -21.0
13   -18.0
14   -20.0
15   -21.0
16   -21.0
17   -20.0
18   -21.0
19   -21.0
20   -21.0
21   -21.0
22   -16.0
23   -20.0
24   -18.0
25   -21.0
26   -20.0
27   -19.0
28   -21.0
29   -19.0
30   -21.0
31   -21.0
32   -21.0
33   -20.0
34   -20.0
35   -21.0
36   -21.0
37   -21.0
38   -21.0
39   -21.0
40   -21.0
41   -20.0
42   -19.0
43   -20.0
44   -20.0
45   -20.0
46   -19.0
47   -21.0
48   -19.0
49   -19.0
50   -19.0
51   -20.0
52   -21.0
53   -20.0
54   -21.0
55   -20.0
56   -20.0
57   -20.0
58   -20.0
59   -20.0
60   -21.0
61   -20.0
62   -20.0
63   -18.0
64   -20.0
65   -21.0
66   -21.0
67   -21.0
68   -20.0
69   -21.0
70   -20.0
71   -20.0
72   -20.0
73   -21.0
74   -20.0
75   -20.0
76   -20.0
77   -21.0
78   -21.0
79   -20.0
80   -19.0
81   -20.0
82   -21.0
83   -21.0
84   -20.0
85   -20.0
86   -20.0
87   -19.0
88   -21.0
89   -21.0
90   -21.0
91   -20.0
92   -21.0
93   -21.0
94   -21.0
95   -21.0
96   -20.0
97   -21.0
98   -20.0
99   -21.0
100   -21.0
101   -21.0
102   -20.0
103   -20.0
104   -20.0
105   -20.0
106   -20.0
107   -21.0
108   -19.0
109   -20.0
110   -20.0
111   -20.0
112   -20.0
113   -21.0
114   -21.0
115   -20.0
116   -18.0
117   -21.0
118   -19.0
119   -19.0
120   -21.0
121   -18.0
122   -20.0
123   -18.0
124   -19.0
125   -18.0
126   -19.0
127   -15.0
128   -17.0
129   -21.0
130   -19.0
131   -18.0
132   -18.0
133   -15.0
134   -18.0
135   -20.0
136   -18.0
137   -21.0
138   -15.0
139   -17.0
140   -18.0
141   -16.0
142   -19.0
143   -16.0
144   -19.0
145   -16.0
146   -19.0
147   -20.0
148   -16.0
149   -16.0
150   -17.0
151   -20.0
152   -17.0
153   -18.0
154   -18.0
155   -16.0
156   -21.0
157   -17.0
158   -20.0
159   -15.0
160   -14.0
161   -17.0
162   -13.0
163   -16.0
164   -19.0
165   -16.0
166   -18.0
167   -15.0
168   -15.0
169   -16.0
170   -17.0
171   -14.0
172   -14.0
173   -13.0
174   -19.0
175   -15.0
176   -12.0
177   -19.0
178   -16.0
179   -16.0
180   -14.0
181   -17.0
182   -14.0
183   -14.0
184   -18.0
185   -16.0
186   -14.0
187   -19.0
188   -17.0
189   -17.0
190   -13.0
191   -19.0
192   -14.0
193   -18.0
194   -13.0
195   -17.0
196   -17.0
197   -18.0
198   -12.0
199   -15.0
200   -16.0
201   -13.0
202   -16.0
203   -15.0
204   -12.0
205   -16.0
206   -15.0
207   -16.0
208   -17.0
209   -17.0
210   -17.0
211   -16.0
212   -19.0
213   -17.0
214   -15.0
215   -11.0
216   -13.0
217   -17.0
218   -19.0
219   -17.0
220   -13.0
221   -12.0
222   -16.0
223   -12.0
224   -14.0
225   -14.0
226   -15.0
227   -14.0
228   -16.0
229   -16.0
230   -8.0
231   -16.0
232   -17.0
233   -15.0
234   -17.0
235   -15.0
236   -16.0
237   -11.0
238   -13.0
239   -17.0
240   -11.0
241   -16.0
242   -14.0
243   -16.0
244   -13.0
245   -15.0
246   -17.0
247   -16.0
248   -17.0
249   -9.0
250   -15.0
251   -11.0
252   -11.0
253   -13.0
254   -11.0
255   -17.0
256   -14.0
257   -13.0
258   -12.0
259   -9.0
260   -12.0
261   -13.0
262   -20.0
263   -8.0
264   -12.0
265   -10.0
266   -13.0
267   -13.0
268   -11.0
269   -13.0
270   -11.0
271   -11.0
272   -9.0
273   -14.0
274   -16.0
275   -7.0
276   -9.0
277   -10.0
278   -10.0
279   -16.0
280   -13.0
281   -9.0
282   -13.0
283   -18.0
284   -12.0
285   -13.0
286   -14.0
287   -11.0
288   -16.0
289   -16.0
290   -13.0
291   -9.0
292   -11.0
293   -13.0
294   -8.0
295   -14.0
296   -15.0
297   -13.0
298   -11.0
299   -10.0
300   -7.0
301   -9.0
302   -9.0
303   -11.0
304   -10.0
305   -5.0
306   -10.0
307   -9.0
308   -4.0
309   -7.0
310   -11.0
311   -10.0
312   -14.0
313   -4.0
314   -14.0
315   -1.0
316   -7.0
317   -6.0
318   -8.0
319   -5.0
320   -16.0
321   -9.0
322   -12.0
323   -12.0
324   -12.0
325   -9.0
326   -13.0
327   6.0
328   -4.0
329   -8.0
330   -3.0
331   -10.0
332   -12.0
333   -15.0
334   -7.0
335   1.0
336   -4.0
337   -18.0
338   -11.0
339   -11.0
340   -3.0
341   -10.0
342   -1.0
343   -16.0
344   -11.0
345   -7.0
346   3.0
347   -19.0
348   3.0
349   -11.0
350   -4.0
351   -8.0
352   -8.0
353   2.0
354   7.0
355   -2.0
356   -11.0
357   -8.0
358   3.0
359   -3.0
360   -12.0
361   -14.0
362   -5.0
363   -4.0
364   7.0
365   -4.0
366   10.0
367   -10.0
368   -9.0
369   -10.0
370   1.0
371   6.0
372   -7.0
373   -14.0
374   3.0
375   -7.0
376   -9.0
377   -14.0
378   -10.0
379   -6.0
380   -7.0
381   -6.0
382   1.0
383   17.0
384   2.0
385   8.0
386   12.0
387   -8.0
388   12.0
389   -9.0
390   -1.0
391   12.0
392   9.0
393   6.0
394   -5.0
395   -1.0
396   6.0
397   -5.0
398   3.0
399   8.0
400   -1.0
401   -6.0
402   3.0
403   9.0
404   -1.0
405   12.0
406   9.0
407   12.0
408   -4.0
409   14.0
410   10.0
411   5.0
412   14.0
413   8.0
414   13.0
415   10.0
416   13.0
417   13.0
418   9.0
419   14.0
420   19.0
421   10.0
422   11.0
423   16.0
424   12.0
425   9.0
426   15.0
427   -5.0
428   15.0
429   15.0
430   14.0
431   15.0
432   11.0
433   13.0
434   3.0
435   12.0
436   7.0
437   14.0
438   14.0
439   14.0
440   8.0
441   12.0
442   11.0
443   19.0
444   21.0
445   18.0
446   8.0
447   19.0
448   17.0
449   11.0
450   9.0
451   13.0
452   15.0
453   6.0
454   12.0
455   14.0
456   17.0
457   14.0
458   16.0
459   15.0
460   16.0
461   19.0
462   18.0
463   15.0
464   15.0
465   17.0
466   14.0
467   16.0
468   11.0
469   12.0
470   18.0
471   21.0
472   21.0
473   18.0
474   19.0
475   19.0
476   18.0
477   19.0
478   19.0
479   17.0
480   19.0
481   20.0
482   11.0
483   20.0
484   14.0
485   12.0
486   14.0
487   18.0
488   14.0
489   17.0
490   19.0
491   20.0
492   19.0
493   18.0
494   16.0
495   16.0
496   18.0
497   17.0
498   20.0
499   18.0
500   17.0
501   14.0
502   17.0
503   18.0
504   18.0
505   16.0
506   18.0
507   18.0
508   20.0
509   20.0
510   20.0
511   17.0
512   19.0
513   16.0
514   21.0
515   19.0
516   16.0
517   18.0
518   18.0
519   19.0
520   15.0
521   18.0
522   13.0
523   18.0
524   18.0
525   18.0
526   18.0
527   20.0
528   18.0
529   20.0
530   16.0
531   17.0
532   19.0
533   14.0
534   17.0
535   20.0
536   16.0
537   18.0
538   16.0
539   17.0
540   20.0
541   20.0
542   18.0
543   21.0
544   18.0
545   16.0
546   16.0
547   20.0
548   16.0
549   16.0
550   21.0
551   19.0
552   16.0
553   20.0
554   19.0
555   19.0
556   20.0
557   19.0
558   18.0
559   21.0
560   19.0
561   7.0
562   20.0
563   19.0
564   18.0
565   19.0
566   19.0
567   20.0
568   19.0
569   18.0
570   19.0
571   18.0
572   15.0
573   17.0
574   21.0
575   18.0
576   21.0
577   15.0
578   18.0
579   16.0
580   20.0
581   20.0
582   16.0
583   21.0
584   20.0
585   16.0
586   19.0
587   18.0
588   20.0
589   20.0
590   18.0
591   9.0
592   21.0
593   17.0
594   18.0
595   19.0
596   19.0
597   17.0
598   13.0
599   16.0
600   18.0
601   20.0
602   18.0
603   20.0
604   17.0
605   20.0
606   15.0
607   17.0
608   20.0
609   13.0
610   20.0
611   15.0
612   20.0
613   19.0
614   20.0
615   19.0
616   20.0
617   21.0
618   21.0
619   19.0
620   8.0
621   20.0
622   19.0
623   21.0
624   19.0
625   19.0
626   18.0
627   19.0
628   19.0
629   19.0
630   19.0
631   20.0
632   19.0
633   19.0
634   20.0
635   20.0
636   14.0
637   17.0
638   16.0
639   18.0
640   21.0
641   18.0
642   18.0
643   19.0
644   20.0
645   20.0
646   20.0
647   21.0
648   19.0
649   19.0
650   20.0
651   19.0
652   18.0
653   21.0
654   18.0
655   19.0
656   19.0
657   20.0
658   19.0
659   20.0
660   17.0
661   17.0
662   19.0
663   17.0
664   18.0
665   17.0
666   16.0
667   17.0
668   21.0
669   21.0
670   20.0
671   7.0
672   19.0
673   18.0
674   18.0
675   16.0
676   14.0
677   18.0
678   20.0
679   21.0
680   15.0
681   19.0
682   21.0
683   21.0
684   17.0
685   19.0
686   21.0
687   14.0
688   21.0
689   18.0
690   19.0
691   11.0
692   16.0
693   19.0
694   20.0
695   20.0
696   16.0
697   20.0
698   20.0
699   17.0
700   19.0
701   21.0
702   20.0
703   13.0
704   21.0
705   14.0
706   20.0
707   20.0
708   19.0
709   20.0
710   17.0
711   18.0
712   21.0
713   19.0
714   19.0
715   20.0
716   21.0
717   20.0
718   15.0
719   18.0
720   17.0
721   20.0
722   16.0
723   16.0
724   17.0
725   13.0
726   16.0
727   17.0
728   20.0
729   18.0
730   17.0
731   20.0
732   20.0
733   18.0
734   17.0
735   13.0
736   21.0
737   15.0
738   19.0
739   21.0
740   17.0